.Random.seed <-
c(403L, 624L, -1814423581L, -1866553400L, 1056539433L, -1667228458L, 
-1434192545L, 880824340L, -555408379L, 1146558722L, 1057366171L, 
-399836384L, 340506785L, -777779730L, 982766999L, 1070707948L, 
1980357885L, -484716646L, 376049747L, 1712736632L, 722201881L, 
11543046L, -1597272881L, -1510652732L, -1633024779L, -1252300494L, 
1203554059L, -816713008L, 549716113L, 831312158L, -1518339321L, 
37904284L, -1919058963L, -497793590L, -892263229L, 756766504L, 
-646327543L, 693007158L, -2099118017L, 1228694900L, 469246437L, 
558941538L, -1927935621L, 580638336L, 1999586433L, 466970702L, 
-2004976521L, 907195980L, -158738723L, 1126647802L, 219567411L, 
-228011816L, 1096955129L, -1924263834L, 784224175L, 1746973220L, 
-1117881643L, -340120174L, 1710811115L, 872654384L, 2089583729L, 
1672530814L, -1704568345L, 812497148L, 322825677L, 2071451178L, 
-889151069L, 962180744L, 832836329L, 675412374L, -1877509345L, 
254618324L, -1658056763L, 685416898L, 1930191451L, 608461280L, 
-442843039L, 2031221422L, -674327721L, -516003924L, -236404547L, 
1240002650L, -199816685L, -1408694216L, 1088318681L, -1434636602L, 
275022479L, -1112748156L, 2037375157L, -843767310L, 246905035L, 
-1831270000L, -1495730095L, -1733560866L, -217175865L, -2094022052L, 
1014583213L, -438462838L, -375353725L, -883833368L, -1116716343L, 
-1458393098L, 115107327L, 363503668L, -1543967323L, -536039902L, 
-1121899717L, 1308400960L, -460968895L, -68043506L, -1002694089L, 
1269614860L, 681482909L, 796444858L, -291229965L, -1630605416L, 
-1653041991L, -841646810L, 678831471L, -1947099932L, -229230955L, 
-1503377838L, -1674544725L, 44702960L, -492741583L, 152457278L, 
-1188075609L, 450919356L, 1741136269L, -543324438L, -1746343069L, 
1692108104L, 1859543721L, 123246166L, -135741217L, 403490196L, 
-1378436219L, -671159678L, -745774053L, -325285728L, -186021855L, 
-2096320658L, 1165955351L, 733338220L, 388195453L, -1209085670L, 
1005962195L, 1116899064L, 1193847961L, -1192297594L, 900413519L, 
-465102268L, -2088141707L, -857761102L, 77326987L, -2041651120L, 
1860022289L, -1182279010L, 1384257159L, -1009261284L, -1348410515L, 
-1295014070L, 1662105667L, -204540760L, -1278315895L, -357847882L, 
1341426623L, -39085324L, 1950185829L, -1379313950L, -1165619973L, 
956048384L, -1816341503L, -1191521842L, -1353746441L, -474899508L, 
-168878499L, 862128506L, 927189171L, 2066468440L, -1444498311L, 
2036443622L, -759448785L, 67454884L, -998133163L, -1539367150L, 
-634270869L, 211768240L, -2038041615L, 2056819966L, -2135018137L, 
-160563588L, -360901299L, 898365354L, -195889885L, -771484664L, 
1984983657L, 1185149718L, -675821921L, -639688620L, -324720827L, 
176419650L, 306587099L, 1475571552L, 972558305L, 341058606L, 
-1318760745L, -2114450132L, -1183201219L, 2112713178L, 1472609683L, 
-1737308744L, -1381323687L, 1757775942L, 1985981967L, 1417946372L, 
-2001283019L, -1684352142L, 1261050955L, 1886615312L, 1620191185L, 
-387940514L, 1637598279L, -688207908L, -1428932819L, -907380726L, 
283419139L, -984423576L, 475292233L, 1524197750L, 871002495L, 
-335587916L, 1216726309L, -1555644510L, 386182843L, 1515875008L, 
1553152961L, -676288882L, 1467520439L, -1058984308L, 305881629L, 
-5895622L, 817177203L, 1446997272L, -1234398151L, 749901478L, 
1934561519L, 1796977252L, -543101419L, 772454354L, 566025515L, 
2023967344L, 804932529L, 1828166078L, 1859306279L, 903233852L, 
1058949389L, 1577265258L, -1711358237L, -7118136L, -2016263639L, 
-1293676586L, -448492449L, -1620821228L, -178826491L, 959036418L, 
-1594251365L, 1024005664L, 1820743585L, 296245486L, 155274391L, 
113573868L, 1823206397L, -1398484326L, 1900574547L, -597048200L, 
-1541116903L, -1228876538L, -129899569L, 153350084L, 347599861L, 
-492385230L, -1004401141L, -670642736L, 599154577L, 997581854L, 
2115711495L, -1890030948L, -1311552787L, 1810761930L, -1931916349L, 
513643048L, 381817353L, 643556918L, 1216223039L, -1956261772L, 
-1668165403L, -1723537310L, 610078843L, -388533888L, -691444863L, 
-1663878322L, -1971883145L, 1710981452L, -247241251L, 84003578L, 
-457688013L, -1094071336L, -758500359L, 1149780838L, 267396783L, 
469032228L, -1351357995L, 1283920018L, 881962731L, 762708272L, 
1723753329L, 1425235582L, -1054011161L, 198788092L, -915718963L, 
-104654550L, 44845219L, 743010696L, -1558457879L, -656872298L, 
-1773202913L, 1935414740L, 598556357L, -1666169662L, -1318655653L, 
849181920L, 72638305L, 533286318L, -86832553L, -1663257940L, 
-2072391747L, 349500250L, 1916563731L, -46693576L, 441838553L, 
1604379078L, -1592665713L, -1125746044L, 1934413749L, 180585714L, 
289652683L, 63497360L, 537548625L, -2046293794L, -977248313L, 
2142293340L, 140385965L, -1717937782L, 816821635L, -1636892440L, 
-2099805751L, 972235510L, -479232769L, 1184828212L, -1407083355L, 
679727394L, -196136389L, -617400256L, 1512000321L, 220368910L, 
-703852233L, 364942348L, -960026211L, 1949715386L, 487396851L, 
59435672L, -826305607L, -576540634L, 1851718767L, 827377636L, 
1606067605L, -931911342L, -1804582741L, -774408208L, 1922186033L, 
1733026622L, 1972182695L, 1798768316L, -1390153587L, 1770768874L, 
1746637411L, 1457930312L, -2014502487L, 88246614L, 546789343L, 
545697940L, -1821971835L, 769101186L, 894298907L, -1888443488L, 
958539553L, -1552481682L, -203782121L, -419486356L, 346256253L, 
1195234330L, 73542355L, -1449393672L, -1073796199L, -534401402L, 
378507087L, -359938748L, -1338676363L, 1018232242L, -1806749301L, 
-92685488L, 2102267665L, 1565978014L, 374033799L, -87822308L, 
-1305169299L, 330263114L, 371711811L, -1551421528L, 5550473L, 
1113530294L, 444506815L, 1214973428L, 1928669285L, -1446807070L, 
1486558203L, -399655168L, -27987199L, -312564530L, -2013892873L, 
-755996980L, -2037994147L, 1040419962L, 1668526003L, 860014936L, 
973910905L, -725492506L, 341545519L, -2047905116L, -600497835L, 
714211858L, -2095541653L, -863523152L, 1530254065L, -1732171778L, 
1236462695L, 112167292L, -838310835L, -836945238L, -1005806557L, 
1042927368L, -1241108119L, 1155589654L, 2044550559L, 832834388L, 
541349445L, -1520462270L, -563172133L, 1782745696L, 45068001L, 
-1049528530L, 571983319L, 1206671404L, -253176003L, -1801489190L, 
-1854298989L, 1347895480L, 81800025L, 1963932486L, -1099234033L, 
-858533884L, -1758345419L, 1630484082L, 1862558539L, -2099686896L, 
591496913L, 371364446L, 226229063L, 324129500L, 1930888749L, 
1525496586L, 385992963L, 1285955176L, -285630135L, -1403003786L, 
-1016362881L, 2072625332L, -1395887067L, 902029986L, -486492741L, 
-2037971520L, -1691723071L, -1035503218L, -1376351049L, 1615526284L, 
-465440483L, 321490234L, 28051827L, 481388568L, 1685164857L, 
-962213466L, 1202055151L, -1265574556L, -794600171L, -1147102510L, 
38446123L, 1145480560L, -395760975L, -1642910530L, -1151436249L, 
1359137852L, -807888883L, 137849706L, -801151517L, 1624513992L, 
1831272745L, 1685324502L, 1474372447L, -244046316L, 1711636997L, 
2080923394L, 512306843L, -1714212576L, 415037089L, 1584966638L, 
1934279575L, -496743700L, -1391854851L, 230282650L, 1128455763L, 
539574136L, 414771993L, 454920198L, -1097581873L, 1585355460L, 
-1274944779L, 553529138L, -2094836469L, 598190288L, -1180385647L, 
-987039970L, 152201479L, -1675987556L, -825943571L, -1340879926L, 
-855805245L, 2022427944L, 1854296329L, -1531619018L, 1945513535L, 
-1967441036L, -714637339L, -1522201758L, -448784517L, -318829440L, 
-933264767L, -795013554L, 365718135L, 1083198540L, 1404630237L, 
1684557306L, 24519475L, 1318504152L, 1571697401L, 269383270L, 
234749359L, 401934372L, -1463461675L, -2074086510L, -741968405L, 
534010928L, -1578352015L, -335416962L, 139446247L, 2096156412L, 
374639565L, -1197843414L, 108261283L, -39506808L, -1391488791L, 
-256122986L, 811772191L, 1790378196L, -1066766907L, -359536702L, 
660435035L, -1260218400L, -217448863L, 525115566L, -1791786665L, 
-1725497940L, -1664688451L, -2092108198L, 58578963L, 131202616L, 
-347510055L, -1894738746L, -56938353L, 1514939780L, 1382399669L, 
-455219214L, 1919682251L, 597999504L, -1472743855L, 1060117470L, 
